id,HPL,EAP,MWS
id00008,0.179438884438691,0.326464378170415,0.494096737390894
id00011,0.35171228290207,0.447371635561411,0.200916081536519
id00013,0.581814493917977,0.192415194857806,0.225770311224217
id00018,0.174707166990558,0.39748696920088,0.427805863808562
id00020,0.83860706005616,0.0942343735842583,0.0671585663595823
id00023,0.685816407903501,0.181392667414797,0.132790924681702
id00025,0.49144131834925,0.285527494916873,0.223031186733877
id00026,0.206416418527578,0.545362115112916,0.248221466359505
id00040,0.40470233935453,0.293607173415656,0.301690487229815
id00041,0.0609538822737481,0.052099138121703,0.886946979604549
id00044,0.288925226202437,0.19260535434167,0.518469419455893
id00046,0.259672651547579,0.411150809028975,0.329176539423446
id00047,0.294448168880053,0.213630811186332,0.491921019933615
id00055,0.0683750828411904,0.146296216699743,0.785328700459066
id00058,0.431620625531146,0.39447757776355,0.173901796705304
id00059,0.188906618259793,0.749429544828929,0.061663836911278
id00066,0.282279252692293,0.276776862248316,0.440943885059392
id00069,0.19897300688126,0.337828182975693,0.463198810143047
id00071,0.0557279379157237,0.511535108194441,0.432736953889836
id00072,0.165307742501885,0.654937605287933,0.179754652210182
id00074,0.112611584543022,0.719846302422541,0.167542113034437
id00076,0.167238554606546,0.169040132360701,0.663721313032753
id00083,0.20951206972556,0.435342169234744,0.355145761039696
id00085,0.350431373997426,0.532390756260657,0.117177869741917
id00087,0.210245696815499,0.681115959942094,0.108638343242407
id00088,0.175594487625038,0.567007885260447,0.257397627114515
id00089,0.0505132752773971,0.751548780804189,0.197937943918414
id00092,0.0195060699276706,0.186816903242993,0.793677026829336
id00096,0.0629286512481424,0.289090913794033,0.647980434957824
id00101,0.135940618903308,0.700474535439803,0.163584845656888
id00102,0.272221392056415,0.125211415775812,0.602567192167773
id00104,0.157660150323558,0.315481436656748,0.526858413019695
id00105,0.132751680435508,0.299532000066211,0.567716319498281
id00110,0.281794693722168,0.314743653249067,0.403461653028765
id00111,0.246561856299285,0.434838744324703,0.318599399376012
id00112,0.337730667572323,0.511483019214632,0.150786313213045
id00114,0.356713248485022,0.535038873863383,0.108247877651595
id00115,0.365142438138853,0.572994552957175,0.0618630089039721
id00116,0.352947789618152,0.491335748692183,0.155716461689665
id00118,0.0525870645496798,0.653522778481792,0.293890156968528
id00121,0.255108291789163,0.321385435869487,0.42350627234135
id00124,0.0649687420311767,0.483492707756484,0.45153855021234
id00125,0.217865847288841,0.469174388262861,0.312959764448299
id00126,0.704021380975448,0.173992110627618,0.121986508396934
id00132,0.386381661052466,0.560127993954272,0.0534903449932619
id00134,0.84651440524573,0.0642637963738526,0.0892217983804172
id00137,0.41044356209715,0.35314452003096,0.236411917871889
id00139,0.176939385789926,0.239825853123142,0.583234761086932
id00140,0.262299872120599,0.445497756744373,0.292202371135028
id00142,0.324379040870431,0.364867047033807,0.310753912095762
id00157,0.0620289221907508,0.314257632677042,0.623713445132207
id00160,0.150585300890689,0.621401795422636,0.228012903686675
id00167,0.285563053720646,0.396187763695829,0.318249182583525
id00173,0.105846389109752,0.436463024361331,0.457690586528917
id00176,0.222354779397301,0.591384392340954,0.186260828261745
id00177,0.0332122440516247,0.0652290459100951,0.90155871003828
id00178,0.371416019060649,0.433255403628372,0.195328577310979
id00183,0.427764660434087,0.37193480511568,0.200300534450233
id00184,0.329614339852657,0.380755389062118,0.289630271085225
id00189,0.421591767600439,0.326422619800201,0.251985612599361
id00190,0.451118449765142,0.16660585464893,0.382275695585928
id00191,0.200276976258884,0.344627728449011,0.455095295292106
id00192,0.179032618870167,0.578616647990993,0.24235073313884
id00194,0.141392675137911,0.285617479581929,0.57298984528016
id00195,0.0973866310998815,0.847644686163677,0.054968682736441
id00196,0.187361778310191,0.567933636092368,0.24470458559744
id00199,0.291528211127674,0.353426780762932,0.355045008109395
id00203,0.0696476696144756,0.313280893033201,0.617071437352323
id00206,0.163342630793418,0.773946360458949,0.0627110087476332
id00210,0.347970892656487,0.492176323865103,0.159852783478409
id00214,0.090312094005378,0.476167498456886,0.433520407537736
id00215,0.334372955323325,0.546319947253336,0.119307097423339
id00217,0.353461515504808,0.391896583291098,0.254641901204095
id00219,0.284150750720791,0.394924920221852,0.320924329057357
id00228,0.0997002330796717,0.6877215124648,0.212578254455528
id00231,0.468435838963308,0.225853686973063,0.305710474063629
id00233,0.0865313359300581,0.559585496571503,0.353883167498439
id00235,0.28688280867335,0.387214372878486,0.325902818448165
id00240,0.117797026289719,0.464382740395843,0.417820233314437
id00243,0.116416942874424,0.721358491066203,0.162224566059373
id00245,0.315839802764078,0.352121033642699,0.332039163593223
id00247,0.211378522851394,0.748309386851134,0.0403120902974721
id00249,0.301304079389612,0.268757733073822,0.429938187536566
id00258,0.0739734734652963,0.241577654054824,0.68444887247988
id00262,0.224790488158422,0.528459532573128,0.246749979268449
id00263,0.118795356134802,0.716405554303842,0.164799089561356
id00266,0.166825335184744,0.352716139086648,0.480458525728609
id00269,0.536493335501102,0.0737780963069032,0.389728568191995
id00273,0.238765613544377,0.15939779343163,0.601836593023993
id00274,0.126646304705263,0.737113776533882,0.136239918760856
id00294,0.413677901598478,0.330502545675892,0.25581955272563
id00296,0.651421612659765,0.226849894053454,0.121728493286781
id00298,0.580371603246216,0.163016132216265,0.256612264537519
id00300,0.292066050284558,0.412908845095515,0.295025104619927
id00305,0.0181896848542984,0.0372120084232115,0.94459830672249
id00313,0.258660646602093,0.190602889949976,0.550736463447932
id00319,0.218620506863643,0.645112763549417,0.136266729586939
id00320,0.127111343555892,0.756564993162522,0.116323663281587
id00325,0.236014384695187,0.599367399074087,0.164618216230726
id00326,0.0710684041568726,0.753682369735497,0.175249226107631
id00327,0.0238015651564001,0.150375999203081,0.825822435640519
id00328,0.0859897143232695,0.488528353291997,0.425481932384734
id00330,0.457961304886522,0.307110203103695,0.234928492009783
id00331,0.0396805524329304,0.0360339300640876,0.924285517502982
id00333,0.128092787801629,0.294771408280083,0.577135803918288
id00335,0.359634881853852,0.467595463926791,0.172769654219357
id00339,0.247028709858531,0.356252895290261,0.396718394851209
id00340,0.106398987211244,0.764201439592127,0.12939957319663
id00342,0.562072397743149,0.109873068517988,0.328054533738863
id00343,0.314817882362468,0.552245810080035,0.132936307557497
id00344,0.16213303271336,0.556161329305892,0.281705637980748
id00345,0.0807374138257206,0.795150559310402,0.124112026863878
id00346,0.248793190351876,0.304809232097502,0.446397577550622
id00347,0.150080234746568,0.361549729087387,0.488370036166045
id00348,0.130452651521843,0.68474187398668,0.184805474491477
id00349,0.332979995131347,0.380640946888857,0.286379057979797
id00350,0.0168123588191282,0.0777375676189307,0.905450073561941
id00351,0.126241008025036,0.616843780798734,0.25691521117623
id00352,0.463299193551039,0.299638817384793,0.237061989064167
id00355,0.685084930421816,0.114842980383174,0.200072089195011
id00356,0.613289219622282,0.195489289861262,0.191221490516456
id00360,0.366265852887752,0.22706338936729,0.406670757744958
id00364,0.130686168274681,0.728825785972165,0.140488045753154
id00366,0.187706126920358,0.679424686051424,0.132869187028218
id00367,0.124453746136177,0.49900719177988,0.376539062083943
id00372,0.293262210724423,0.339814807654658,0.366922981620919
id00373,0.237228357051037,0.142891170979916,0.619880471969047
id00378,0.425671984930085,0.37480690958264,0.199521105487275
id00380,0.14007445533888,0.457550601439763,0.402374943221357
id00382,0.314889289906268,0.350162361180256,0.334948348913475
id00395,0.117930239618232,0.320689664846466,0.561380095535302
id00397,0.231562654278034,0.398511783987906,0.369925561734061
id00398,0.605999487451202,0.314819754961095,0.0791807575877032
id00399,0.0362741272303488,0.379249025981515,0.584476846788137
id00401,0.224585683819826,0.472845411155113,0.302568905025061
id00406,0.169736697527474,0.410518540063453,0.419744762409073
id00407,0.0480814937090012,0.743965591133208,0.207952915157791
id00409,0.133978403277592,0.739238171855306,0.126783424867102
id00411,0.264643519565238,0.637104953233142,0.0982515272016204
id00414,0.276620496313422,0.355753117700514,0.367626385986065
id00416,0.608915563293603,0.154456186461685,0.236628250244711
id00417,0.131766845539549,0.611894753210214,0.256338401250237
id00422,0.351831059962407,0.374189121696418,0.273979818341175
id00424,0.132138806734958,0.129104968369375,0.738756224895667
id00426,0.411697018788188,0.311655982690375,0.276646998521437
id00428,0.0380830783900019,0.177903687930041,0.784013233679957
id00430,0.390183627950714,0.136142814610029,0.473673557439257
id00432,0.156030048655589,0.350473175823336,0.493496775521075
id00443,0.030921305204071,0.530148581216162,0.438930113579767
id00449,0.1526526536161,0.141002344235634,0.706345002148267
id00451,0.639490422816234,0.175925361113731,0.184584216070035
id00456,0.473246072971684,0.312869219159251,0.213884707869065
id00458,0.120886199464248,0.697099807314068,0.182013993221684
id00459,0.403099745222006,0.494207891429539,0.102692363348456
id00461,0.0537370150756096,0.677162571802992,0.269100413121399
id00462,0.314573433049541,0.531158393141809,0.15426817380865
id00463,0.106040854039921,0.229500325299142,0.664458820660938
id00468,0.565210205213592,0.253400202712604,0.181389592073805
id00477,0.249338627236192,0.421666954284635,0.328994418479174
id00478,0.187779629959946,0.408940303380764,0.40328006665929
id00479,0.402101706449301,0.463914294267098,0.133983999283601
id00481,0.591581361836908,0.124964242078803,0.283454396084289
id00486,0.122912784379407,0.191975815495554,0.685111400125039
id00487,0.450513072534433,0.371924951155264,0.177561976310303
id00488,0.178925958548025,0.637772469893416,0.18330157155856
id00491,0.0160935956616516,0.899955492149865,0.083950912188483
id00492,0.159025282240582,0.317338154637611,0.523636563121807
id00493,0.52016583962232,0.162086544202639,0.317747616175041
id00494,0.44537638594325,0.199419814389682,0.355203799667067
id00497,0.190057976467253,0.0791681060386935,0.730773917494053
id00500,0.499963344083703,0.194191705399074,0.305844950517223
id00502,0.446061612612255,0.362518856227463,0.191419531160283
id00503,0.106898108225059,0.335408499344674,0.557693392430267
id00504,0.103540139769122,0.690497694342438,0.20596216588844
id00509,0.236258031812693,0.2528920695706,0.510849898616707
id00511,0.345224878777674,0.273679810905963,0.381095310316363
id00513,0.0719225728688031,0.474659583473058,0.453417843658139
id00517,0.0461369954801805,0.140750876911993,0.813112127607826
id00525,0.284461099742207,0.552331375129222,0.163207525128572
id00527,0.362965802667215,0.300280840298307,0.336753357034477
id00530,0.353752764885575,0.258146692820795,0.38810054229363
id00534,0.0569173707474952,0.0391219590782212,0.903960670174284
id00536,0.303528214051768,0.412843390515252,0.28362839543298
id00540,0.0294128684463508,0.791922755310576,0.178664376243074
id00543,0.223034148151101,0.219214764540853,0.557751087308046
id00544,0.048481543109008,0.303686408860675,0.647832048030317
id00549,0.176051504780025,0.213261610177568,0.610686885042407
id00557,0.229788819376937,0.432325264814135,0.337885915808928
id00561,0.75011712893947,0.134365438951507,0.115517432109023
id00563,0.176321479224493,0.579909192425742,0.243769328349765
id00565,0.282523676738506,0.392135260904191,0.325341062357303
id00568,0.503187736479555,0.346295536698051,0.150516726822394
id00571,0.252168156976446,0.37164162083094,0.376190222192614
id00573,0.274385545296805,0.369432865572943,0.356181589130252
id00574,0.296827149952201,0.391577554426484,0.311595295621315
id00579,0.408345663182949,0.150743790224152,0.4409105465929
id00580,0.150830696171198,0.459417361541002,0.3897519422878
id00581,0.226603462320536,0.596339479138081,0.177057058541383
id00583,0.297056954210204,0.187019770964638,0.515923274825157
id00585,0.1221282958812,0.168774844658313,0.709096859460486
id00586,0.171183117277899,0.702971444559412,0.125845438162689
id00592,0.251055118405495,0.587358748873358,0.161586132721146
id00595,0.689541557939312,0.179415118674596,0.131043323386093
id00599,0.0749406893726086,0.191680557058745,0.733378753568647
id00600,0.546957005879969,0.268181148296753,0.184861845823278
id00603,0.0268898809470658,0.547351754443956,0.425758364608979
id00608,0.131657231058595,0.440397716425179,0.427945052516226
id00613,0.239472371016817,0.198517870458435,0.562009758524748
id00617,0.2930987312281,0.435511049238531,0.27139021953337
id00618,0.208019953080933,0.541037738277784,0.250942308641283
id00626,0.210813743311776,0.47120562497437,0.317980631713854
id00627,0.471227522355519,0.414008030838488,0.114764446805993
id00628,0.377492825399554,0.186056623592061,0.436450551008386
id00630,0.0990500440885867,0.636812727537432,0.264137228373982
id00641,0.364603567282506,0.58401598087316,0.0513804518443338
id00642,0.587416822143487,0.112575990760801,0.300007187095712
id00648,0.178209665629976,0.606278144821647,0.215512189548377
id00652,0.0844831261982935,0.137581994406167,0.777934879395539
id00655,0.0553200687601853,0.503925516433867,0.440754414805947
id00656,0.0945805753461659,0.363303288751276,0.542116135902558
id00658,0.146742786416353,0.508725610047867,0.34453160353578
id00659,0.450882656174875,0.352762642801847,0.196354701023279
id00670,0.10106789496224,0.508533012036021,0.39039909300174
id00678,0.152318335577329,0.527713972290809,0.319967692131862
id00681,0.305661947502842,0.312170788813607,0.382167263683551
id00684,0.0629305477650627,0.640595013357266,0.296474438877671
id00686,0.350297581912,0.37781231848898,0.271890099599019
id00687,0.0451320934944916,0.596353755342251,0.358514151163258
id00692,0.180313024936814,0.496671645877036,0.32301532918615
id00696,0.123262700473659,0.44720742493921,0.429529874587131
id00697,0.214794270031962,0.167135042401027,0.618070687567012
id00699,0.55792921265465,0.326807679145899,0.115263108199451
id00701,0.283129393298513,0.146273627351809,0.570596979349678
id00703,0.28010653448286,0.385578444451426,0.334315021065714
id00718,0.136773084942818,0.494741617360543,0.368485297696639
id00721,0.167897840290956,0.348335568514458,0.483766591194586
id00722,0.322955686943993,0.142813096303976,0.534231216752032
id00731,0.368844945692686,0.348871976979692,0.282283077327622
id00735,0.302618328246937,0.173345352901073,0.52403631885199
id00737,0.105308416607275,0.572791613963563,0.321899969429162
id00744,0.142911118468657,0.474801729708392,0.382287151822951
id00751,0.330307450898596,0.273008283917473,0.396684265183931
id00753,0.37301614939295,0.540538750408043,0.0864451001990072
id00758,0.612802443960351,0.121690435832161,0.265507120207488
id00759,0.617524221515306,0.116518095627979,0.265957682856715
id00761,0.235310427467162,0.36846666109007,0.396222911442768
id00767,0.164241238541107,0.481559161958015,0.354199599500878
id00770,0.0680795246906951,0.798901492174164,0.133018983135141
id00772,0.191682578412514,0.599275935094674,0.209041486492812
id00773,0.333127868372503,0.479873286660794,0.186998844966704
id00780,0.667555078143796,0.200996702286005,0.131448219570199
id00784,0.334681728032057,0.368575715645737,0.296742556322206
id00785,0.245903195150636,0.605041264437342,0.149055540412021
id00794,0.544805654631646,0.0849069185337835,0.370287426834571
id00795,0.286990809207149,0.566030633397789,0.146978557395062
id00797,0.0357706999015447,0.436995602875257,0.527233697223198
id00803,0.472275716523686,0.432409471508451,0.0953148119678637
id00804,0.236297710801585,0.378588322263177,0.385113966935238
id00812,0.182358033854431,0.106100826637622,0.711541139507947
id00814,0.149407693521813,0.276806861370664,0.573785445107523
id00820,0.418152637034584,0.317802199028627,0.264045163936789
id00821,0.447823536932846,0.360852013452691,0.191324449614463
id00823,0.695181347953399,0.139618887307422,0.165199764739179
id00828,0.0738498079622046,0.286091238237505,0.64005895380029
id00831,0.195619580731833,0.318835090327553,0.485545328940615
id00835,0.273445457464045,0.584352758745585,0.14220178379037
id00837,0.27426303389447,0.34520249002518,0.38053447608035
id00841,0.33578222961346,0.518173303560195,0.146044466826345
id00842,0.186868299563765,0.483144367362159,0.329987333074075
id00843,0.205945211377046,0.621595797237384,0.17245899138557
id00845,0.192014563618884,0.767536440283467,0.0404489960976491
id00846,0.348235944076319,0.373316503545402,0.278447552378279
id00847,0.41956447810685,0.494288766424489,0.0861467554686603
id00850,0.0285050587329959,0.726484221858195,0.24501071940881
id00858,0.257812495274325,0.180841519920621,0.561345984805054
id00860,0.357559851207353,0.446974953449367,0.195465195343281
id00865,0.288459768433319,0.178901748201178,0.532638483365504
id00868,0.0829764339093445,0.683480024624593,0.233543541466063
id00869,0.0824221073977163,0.384519367149977,0.533058525452307
id00873,0.202265626948734,0.543309327352322,0.254425045698944
id00874,0.0562099151938411,0.568864993961963,0.374925090844195
id00876,0.0668980329823061,0.806659623474327,0.126442343543367
id00878,0.272811608983489,0.405550354818501,0.32163803619801
id00879,0.632016418747582,0.253193235148903,0.114790346103514
id00882,0.236079570203528,0.546949519232496,0.216970910563977
id00886,0.115632199052282,0.499901427590284,0.384466373357433
id00896,0.415630077613858,0.164459691795271,0.419910230590871
id00901,0.351415273944049,0.378525233030108,0.270059493025843
id00902,0.46997877298794,0.296986936908427,0.233034290103633
id00903,0.335554324887516,0.466084088743315,0.198361586369169
id00906,0.438925959577322,0.317185775534795,0.243888264887883
id00907,0.217310519324,0.50414320666735,0.27854627400865
id00910,0.559256849533698,0.186356598114964,0.254386552351338
id00911,0.0164438382564868,0.445545434040806,0.538010727702708
id00916,0.247465015261971,0.699563434785426,0.0529715499526026
id00926,0.333101702238484,0.354429154303441,0.312469143458075
id00927,0.0393802515007186,0.674984194847817,0.285635553651464
id00934,0.477957435147564,0.278457258877733,0.243585305974703
id00935,0.219070441163184,0.178062968662319,0.602866590174497
id00939,0.377659827855117,0.388738231569914,0.233601940574968
id00940,0.496212196432348,0.417446976149763,0.0863408274178893
id00942,0.107707462470288,0.770495989074259,0.121796548455454
id00943,0.741184805573231,0.20377040053109,0.055044793895679
id00946,0.141596547867881,0.537015618425333,0.321387833706786
id00955,0.248140456270147,0.581554516588638,0.170305027141215
id00967,0.510580571752416,0.0655930833146463,0.423826344932938
id00969,0.24910634757061,0.596885118982552,0.154008533446838
id00970,0.0570441904343285,0.672439261114256,0.270516548451416
id00973,0.14918311301946,0.412880978974889,0.437935908005651
id00979,0.649394135054148,0.188653000830633,0.161952864115219
id00985,0.675162043195235,0.208108364944516,0.116729591860249
id00992,0.668191555007101,0.0746005122559403,0.257207932736959
id00994,0.644306087687855,0.0832357596132414,0.272458152698904
id01006,0.103497239335743,0.534162171885473,0.362340588778783
id01014,0.126796939825602,0.682925076452224,0.190277983722173
id01016,0.131542894145913,0.280180526368304,0.588276579485783
id01017,0.293681821715763,0.17526616076138,0.531052017522857
id01024,0.0707112719230217,0.572208571250669,0.35708015682631
id01034,0.559976363299804,0.184986876839408,0.255036759860788
id01042,0.3510977799077,0.22719139183632,0.42171082825598
id01047,0.0225963377265224,0.524165724181705,0.453237938091772
id01049,0.154251592228638,0.428930411236709,0.416817996534653
id01050,0.728115153476674,0.0899529688068946,0.181931877716431
id01054,0.0883609150147603,0.522290650860727,0.389348434124513
id01055,0.396409184304165,0.37105869928609,0.232532116409745
id01057,0.0379164722835768,0.239082657489531,0.723000870226892
id01060,0.60003811404151,0.279570168366915,0.120391717591575
id01062,0.141488806106154,0.267155303221761,0.591355890672084
id01065,0.578421206773203,0.264216484176843,0.157362309049954
id01070,0.303457914841768,0.426352306799019,0.270189778359213
id01072,0.130090184038256,0.657031647684497,0.212878168277247
id01075,0.598988806182628,0.333324254680233,0.0676869391371392
id01079,0.617383159219865,0.122969330222587,0.259647510557547
id01082,0.533058922251305,0.264013541151206,0.202927536597489
id01091,0.196485901394445,0.646651900826917,0.156862197778639
id01096,0.540690069363483,0.310942386057421,0.148367544579096
id01099,0.60208433403539,0.205521870498755,0.192393795465855
id01103,0.562370059023076,0.27371662080137,0.163913320175555
id01104,0.521689738318134,0.40145810896369,0.0768521527181766
id01109,0.0783002941487348,0.380976138178866,0.540723567672399
id01113,0.0910012853482574,0.618332536405071,0.290666178246671
id01114,0.178047839099651,0.689911559958895,0.132040600941454
id01116,0.492518781968519,0.222771269420928,0.284709948610554
id01120,0.16551694127415,0.540550183697274,0.293932875028576
id01123,0.0162249296739166,0.899638645881042,0.0841364244450419
id01125,0.0713220727995653,0.471619662231482,0.457058264968953
id01128,0.0451982226017401,0.296212298564227,0.658589478834033
id01130,0.56847657847456,0.272236161569684,0.159287259955757
id01133,0.0822664453126362,0.424434251031756,0.493299303655608
id01139,0.179504951191788,0.432071071339125,0.388423977469087
id01141,0.557298424818852,0.311178725175332,0.131522850005817
id01142,0.130819972943136,0.332769026891074,0.536411000165789
id01146,0.126352605404116,0.751614806487423,0.122032588108461
id01148,0.185328173537106,0.586978523859259,0.227693302603634
id01151,0.327209773156017,0.248136198088815,0.424654028755168
id01152,0.0961970755563948,0.612402853502223,0.291400070941382
id01154,0.299678035963371,0.495829442800149,0.20449252123648
id01156,0.582517442166404,0.35425957785412,0.0632229799794759
id01166,0.587163423153013,0.205250899650526,0.207585677196461
id01167,0.297277661762972,0.296248148409043,0.406474189827985
id01170,0.633430530354494,0.211343484337886,0.155225985307621
id01171,0.178324933991215,0.549074258352521,0.272600807656264
id01178,0.0725124518160187,0.26536154589963,0.662126002284351
id01184,0.602833577597947,0.165383726886548,0.231782695515505
id01187,0.570315407932932,0.288159537642426,0.141525054424643
id01191,0.323888117663125,0.12776277662258,0.548349105714295
id01193,0.250312607820059,0.457173483141923,0.292513909038018
id01203,0.372571934123678,0.409571470653505,0.217856595222816
id01205,0.339546000318743,0.132993585278783,0.527460414402474
id01208,0.222144202124341,0.58927111988774,0.188584677987919
id01209,0.127273342765265,0.662877143260126,0.209849513974609
id01211,0.433804526385016,0.334464999807054,0.23173047380793
id01212,0.243752695430277,0.643019395699527,0.113227908870197
id01215,0.445408971212817,0.261741260208485,0.292849768578698
id01216,0.349323556137573,0.233103645552967,0.41757279830946
id01217,0.790720671267759,0.140621038688914,0.0686582900433274
id01219,0.0785494672802383,0.811960484509153,0.109490048210609
id01223,0.159019140378769,0.466956113225305,0.374024746395926
id01228,0.0274822702713806,0.766834363788268,0.205683365940352
id01230,0.548101703671539,0.239122635950962,0.2127756603775
id01236,0.0266520354644968,0.0657603755327414,0.907587589002761
id01240,0.246409560856977,0.421998036579219,0.331592402563804
id01242,0.103636811384047,0.456310170093142,0.440053018522812
id01243,0.309247878538779,0.282649959133605,0.408102162327616
id01246,0.340639987473296,0.558454591379543,0.100905421147161
id01253,0.0721389037370922,0.216334446489167,0.71152664977374
id01254,0.53166935196773,0.14298500720836,0.32534564082391
id01255,0.605844276247121,0.259856908365324,0.134298815387555
id01256,0.285645135724884,0.601221326896543,0.113133537378574
id01257,0.201618415453914,0.0984728929498657,0.69990869159622
id01260,0.14961463432834,0.542610229238817,0.307775136432843
id01263,0.0728872042536882,0.786308228331866,0.140804567414445
id01268,0.060225627883176,0.756404802358287,0.183369569758537
id01276,0.487242847275338,0.423231499618997,0.0895256531056657
id01282,0.148880915644163,0.465297342301948,0.385821742053889
id01284,0.250893655437073,0.462845279325405,0.286261065237522
id01296,0.494132342702403,0.280392056785572,0.225475600512025
id01297,0.368398468872494,0.462406855704219,0.169194675423286
id01299,0.0131680330287296,0.163291481092352,0.823540485878918
id01303,0.156861966637584,0.346008011759631,0.497130021602785
id01308,0.0441707913553795,0.754609702844572,0.201219505800049
id01323,0.0255561994709122,0.940418978670853,0.0340248218582349
id01326,0.144000098837959,0.515399907294792,0.34059999386725
id01332,0.208229177382751,0.529732650511878,0.262038172105371
id01334,0.597426459081183,0.325303204444999,0.077270336473818
id01338,0.456303134174366,0.462029269067846,0.0816675967577878
id01339,0.23797234827564,0.609018143919952,0.153009507804408
id01340,0.0404578800082856,0.759236193066005,0.200305926925709
id01352,0.481694342822143,0.24082115718163,0.277484499996227
id01354,0.208265011271274,0.227047090344757,0.564687898383969
id01355,0.452367191399806,0.157609135027676,0.390023673572517
id01356,0.33487378224529,0.488738361409023,0.176387856345688
id01358,0.333450434670809,0.397730332768188,0.268819232561002
id01360,0.0767938600424564,0.588812259266212,0.334393880691332
id01362,0.0452556239895323,0.860433215121097,0.0943111608893705
id01364,0.365053232928088,0.590183587156152,0.0447631799157606
id01365,0.237399107383916,0.477142375289375,0.285458517326709
id01379,0.533068510843674,0.316443408689084,0.150488080467242
id01383,0.0429340976017173,0.842530942673705,0.114534959724577
id01385,0.793610631235297,0.0777864393794821,0.128602929385221
id01388,0.337010542864691,0.453613539130657,0.209375918004653
id01389,0.618268572458396,0.23064641617102,0.151085011370584
id01392,0.347108085978622,0.368850532612369,0.284041381409008
id01407,0.224852859516373,0.449216173315307,0.32593096716832
id01410,0.116549478737117,0.252199935463557,0.631250585799325
id01417,0.606841236473274,0.11612149468392,0.277037268842807
id01420,0.565645298981412,0.233432551798375,0.200922149220213
id01421,0.609284888682613,0.217449227810856,0.173265883506531
id01434,0.0512209053215822,0.23774284987888,0.711036244799538
id01438,0.0825431196946509,0.483376874615531,0.434080005689818
id01441,0.0894766322011281,0.504871704587584,0.405651663211289
id01449,0.227774850082879,0.61680066142828,0.155424488488841
id01452,0.127946543181297,0.452506846999877,0.419546609818825
id01455,0.58889108003248,0.24741946316165,0.16368945680587
id01458,0.230242884131253,0.209473150623446,0.560283965245301
id01461,0.163802259679814,0.282027385108798,0.554170355211388
id01465,0.144718271203989,0.33843000059699,0.51685172819902
id01466,0.4472667233909,0.216158771103013,0.336574505506088
id01473,0.282173984112063,0.553719738171624,0.164106277716314
id01474,0.0707958897564939,0.33989668073615,0.589307429507356
id01475,0.429052128927883,0.269635905697204,0.301311965374912
id01477,0.39202408654842,0.234810631805506,0.373165281646075
id01484,0.277976614163688,0.475340133063188,0.246683252773123
id01486,0.153671256119968,0.735406984008676,0.110921759871357
id01487,0.431906300968915,0.207413929505444,0.360679769525641
id01490,0.17464797991166,0.287421191434484,0.537930828653856
id01495,0.114145038072088,0.658813149109761,0.227041812818151
id01497,0.424837428214834,0.318397578082216,0.25676499370295
id01505,0.335971135740015,0.571850386429509,0.0921784778304762
id01510,0.645158428547279,0.161276618817918,0.193564952634803
id01520,0.184923286207371,0.551086328223749,0.26399038556888
id01522,0.715489112117591,0.162082121018661,0.122428766863748
id01525,0.0437306213022859,0.481969915312363,0.474299463385351
id01526,0.321476984153616,0.428545917539939,0.249977098306445
id01539,0.267755615568104,0.526958922119863,0.205285462312034
id01544,0.0924699742707812,0.593535307542412,0.313994718186807
id01546,0.796541036068337,0.131724843574158,0.0717341203575054
id01551,0.331896239613115,0.378208158393073,0.289895601993812
id01552,0.296140847207339,0.277840806541803,0.426018346250857
id01553,0.0806382854473838,0.797713973460682,0.121647741091935
id01556,0.168662279957861,0.0840232791506486,0.74731444089149
id01572,0.795187199037757,0.0767484933406084,0.128064307621634
id01574,0.279791149485297,0.133138138680242,0.587070711834461
id01575,0.0437074008802105,0.637920360907159,0.318372238212631
id01578,0.186403123686589,0.347047750041807,0.466549126271603
id01581,0.106409710859363,0.117223763492991,0.776366525647646
id01582,0.608700662725239,0.286504128146834,0.104795209127927
id01584,0.0945350830090952,0.556070762527874,0.349394154463031
id01586,0.463275493979498,0.280968063255788,0.255756442764714
id01591,0.138893929510776,0.473779056129375,0.387327014359849
id01592,0.400030156608193,0.294935181504839,0.305034661886968
id01594,0.181646953395803,0.622534760645376,0.195818285958822
id01598,0.148380476307661,0.441356946598697,0.410262577093642
id01599,0.610219737046868,0.140353423140179,0.249426839812953
id01605,0.114107204459756,0.71190404501618,0.173988750524064
id01611,0.176900813886448,0.493158784011452,0.3299404021021
id01616,0.452417358328943,0.360395825389147,0.18718681628191
id01617,0.237095789196656,0.565595710610654,0.19730850019269
id01618,0.55582168720838,0.0471644782698581,0.397013834521762
id01621,0.314140208566265,0.605197865793291,0.0806619256404439
id01631,0.493111788457066,0.430320665955828,0.076567545587106
id01632,0.146492876381966,0.649473573079873,0.204033550538161
id01635,0.457458205422049,0.341390352262589,0.201151442315362
id01637,0.645231632093023,0.183560906725953,0.171207461181024
id01639,0.212158417425368,0.366574810465309,0.421266772109323
id01642,0.26650614944924,0.264395521968911,0.469098328581849
id01643,0.178247279863909,0.490589898342432,0.331162821793659
id01645,0.440157785545653,0.328139336945441,0.231702877508906
id01649,0.0961970755563948,0.612402853502223,0.291400070941382
id01650,0.0249596628889835,0.0885518280624562,0.88648850904856
id01658,0.191897177351394,0.411719652905494,0.396383169743112
id01664,0.468985754590676,0.23442389401976,0.296590351389565
id01665,0.715269356929075,0.221850504685112,0.0628801383858137
id01670,0.199236132290079,0.300943841409814,0.499820026300107
id01671,0.305101332766179,0.436594269223753,0.258304398010069
id01672,0.23070924053521,0.341961635778527,0.427329123686264
id01679,0.0810378583358683,0.498791172383564,0.420170969280567
id01682,0.222829000434291,0.451673864288824,0.325497135276885
id01685,0.104633630612252,0.627988853519511,0.267377515868238
id01686,0.0714730855820985,0.718936446978023,0.209590467439878
id01689,0.168093731022868,0.464385113839409,0.367521155137723
id01691,0.639810862183298,0.324172066470314,0.0360170713463884
id01694,0.128819155760883,0.235988013163201,0.635192831075916
id01695,0.415783791661074,0.337606644690608,0.246609563648318
id01696,0.401098020960324,0.317266473995818,0.281635505043858
id01698,0.0961807684674626,0.677133309662471,0.226685921870067
id01700,0.110680076577853,0.745744123841005,0.143575799581142
id01701,0.430726633233428,0.378838813996588,0.190434552769984
id01709,0.172391117942614,0.609035010225151,0.218573871832235
id01713,0.477474989381517,0.42324429039737,0.0992807202211139
id01714,0.172550309777364,0.676873782646938,0.150575907575698
id01716,0.462623244808618,0.25181797551289,0.285558779678493
id01718,0.248778790660587,0.106194989344608,0.645026219994805
id01724,0.417090834568111,0.152986014133404,0.429923151298485
id01727,0.169304604503709,0.581396014642323,0.249299380853968
id01730,0.85759223701434,0.0912375578827812,0.051170205102879
id01731,0.256918133642358,0.606440199868603,0.13664166648904
id01736,0.493441263523655,0.235609239941506,0.270949496534839
id01740,0.241888180209113,0.198971745886042,0.559140073904845
id01743,0.517219111579855,0.273032934027776,0.20974795439237
id01745,0.755353720669515,0.113114458827112,0.131531820503373
id01749,0.411540697630256,0.440716599323884,0.147742703045861
id01751,0.277617911321187,0.584878815052349,0.137503273626464
id01753,0.240520355272947,0.519237463642979,0.240242181084075
id01754,0.50652243932836,0.23068577458845,0.26279178608319
id01755,0.140023477481009,0.497665079910435,0.362311442608556
id01758,0.0617641764362049,0.248582681011087,0.689653142552708
id01760,0.0730111343606024,0.708502064487381,0.218486801152017
id01765,0.21486292108259,0.332711141161153,0.452425937756257
id01768,0.388383748640426,0.400139246145429,0.211477005214145
id01771,0.0791403533806512,0.588419584882599,0.33244006173675
id01772,0.272809635895927,0.153394637117475,0.573795726986598
id01774,0.0291297730494611,0.120637587239275,0.850232639711264
id01775,0.532621935683682,0.203786506429549,0.263591557886769
id01778,0.344233302757291,0.312397537325896,0.343369159916813
id01779,0.0488758808711068,0.261336136756451,0.689787982372443
id01783,0.507908799990497,0.129856586790395,0.362234613219109
id01784,0.119029435109956,0.755496060731163,0.125474504158881
id01787,0.280289226896366,0.422100177548233,0.297610595555402
id01789,0.244693096664091,0.600180222005634,0.155126681330275
id01794,0.134945997206581,0.832712810637041,0.0323411921563779
id01799,0.0747884811671668,0.77810089880375,0.147110620029083
id01801,0.130585183863368,0.0660914315760263,0.803323384560606
id01802,0.386972132711285,0.353295143368684,0.259732723920031
id01828,0.260309686359322,0.0946696219554694,0.645020691685208
id01834,0.248994568384527,0.506860209303612,0.24414522231186
id01840,0.12780455023073,0.114841785266137,0.757353664503134
id01842,0.426860507053101,0.372010585879015,0.201128907067884
id01848,0.0641979123188721,0.139732633868636,0.796069453812492
id01850,0.0784053513693331,0.745272939631285,0.176321708999382
id01856,0.226738101564634,0.40028892428696,0.372972974148406
id01860,0.217158447908582,0.389529135437984,0.393312416653433
id01861,0.133612485212918,0.777942921115637,0.0884445936714457
id01862,0.292218045698681,0.507538288868035,0.200243665433284
id01868,0.196840945912835,0.344946196981989,0.458212857105176
id01870,0.616062113051276,0.14407762600401,0.239860260944713
id01871,0.270450984510273,0.390253217625355,0.339295797864372
id01874,0.768254391750081,0.113776651801658,0.117968956448261
id01875,0.229155738798155,0.308834464871922,0.462009796329923
id01877,0.750565241607764,0.139214566292283,0.110220192099953
id01878,0.438602362110986,0.206787696954522,0.354609940934492
id01881,0.397034857958053,0.340761165985528,0.262203976056419
id01883,0.40929364140695,0.280645303830396,0.310061054762654
id01886,0.128290333033508,0.733174262610939,0.138535404355553
id01888,0.308289379823218,0.39908170740071,0.292628912776072
id01897,0.438921126111495,0.224482709637701,0.336596164250804
id01898,0.402701470115369,0.445675446118956,0.151623083765676
id01901,0.0701386914453263,0.68124767432092,0.248613634233754
id01905,0.225656154109921,0.363830560119678,0.410513285770401
id01911,0.155442850830438,0.476483922027929,0.368073227141633
id01914,0.637252219774735,0.190989694398594,0.171758085826671
id01915,0.34394365311493,0.357007521862738,0.299048825022332
id01916,0.16329923624639,0.603639794074094,0.233060969679515
id01919,0.248839135982265,0.241475115319378,0.509685748698357
id01923,0.105979852558803,0.532572850034733,0.361447297406464
id01927,0.3436816893983,0.409238157511112,0.247080153090588
id01930,0.199306695779297,0.368144887662098,0.432548416558604
id01932,0.224946982420337,0.643237248933884,0.131815768645779
id01935,0.225339424837203,0.678891249086856,0.0957693260759412
id01936,0.342284333071907,0.301861386061835,0.355854280866258
id01938,0.174316983499555,0.537923193890415,0.28775982261003
id01939,0.0960443236903244,0.560653715578126,0.34330196073155
id01940,0.0651570917054932,0.261306976196021,0.673535932098485
id01941,0.186143971449973,0.574936053927618,0.23891997462241
id01942,0.219496535700358,0.35747672828112,0.423026736018522
id01944,0.025062228262413,0.856535362582343,0.118402409155244
id01945,0.289987951347885,0.341293945963385,0.368718102688731
id01946,0.15576080603984,0.543474018419689,0.300765175540471
id01954,0.233150042264614,0.521885626384921,0.244964331350466
id01972,0.266767479473228,0.203643640058235,0.529588880468538
id01975,0.172734749879237,0.122874036819683,0.704391213301079
id01977,0.689335830843264,0.160514487077656,0.150149682079081
id01978,0.228125741203209,0.352024899419151,0.419849359377641
id01980,0.171114871042793,0.575819945921394,0.253065183035813
id01981,0.203145648967922,0.549761768161718,0.247092582870361
id01990,0.380330206036275,0.593205243170186,0.0264645507935385
id01991,0.101753938034918,0.442437763724976,0.455808298240106
id01994,0.368334681244445,0.289934220200572,0.341731098554983
id01995,0.0622800811053848,0.347945947302798,0.589773971591818
id02007,0.270135131987456,0.366327237805577,0.363537630206967
id02009,0.0665480069011661,0.688064004711237,0.245387988387597
id02019,0.253538618612504,0.397589392967863,0.348871988419633
id02020,0.388802569883809,0.461797633199668,0.149399796916524
id02023,0.242862029740697,0.44586830159492,0.311269668664382
id02026,0.130728713272884,0.542899107270487,0.326372179456629
id02030,0.149944169401325,0.443093528719034,0.406962301879642
id02037,0.291301233875234,0.416825078397522,0.291873687727244
id02039,0.364433162591923,0.398566362830567,0.23700047457751
id02041,0.259856042188102,0.589166428810574,0.150977529001324
id02043,0.181148666296437,0.437894557659408,0.380956776044156
id02048,0.0791036278961434,0.808911853965523,0.111984518138334
id02052,0.319963120048075,0.399467676670231,0.280569203281694
id02054,0.380545887899063,0.44758510861903,0.171869003481907
id02058,0.279036594052362,0.128394836509129,0.592568569438509
id02059,0.335188920015653,0.253705291851751,0.411105788132597
id02068,0.156246805851408,0.338082285183826,0.505670908964767
id02070,0.110209024402414,0.264021509722935,0.625769465874651
id02071,0.279801527992501,0.584108650668437,0.136089821339062
id02074,0.0455550188010929,0.743832263921519,0.210612717277389
id02077,0.289416887050053,0.576949329092132,0.133633783857814
id02078,0.439437231818799,0.324499878635997,0.236062889545203
id02082,0.27066757162787,0.611751290610128,0.117581137762002
id02097,0.207388504689798,0.26114016774077,0.531471327569432
id02098,0.436140078862865,0.437473136401961,0.126386784735175
id02100,0.197798832635743,0.554022557284267,0.24817861007999
id02103,0.223995113010958,0.360684190372864,0.415320696616178
id02107,0.438566185098025,0.303818201004135,0.257615613897841
id02108,0.0714768286804024,0.725504466575166,0.203018704744432
id02110,0.155345853177781,0.725218152778743,0.119435994043476
id02111,0.458139770119815,0.190424488680874,0.351435741199312
id02116,0.232845219715339,0.593563721299376,0.173591058985285
id02120,0.18925893430612,0.557102471704913,0.253638593988967
id02129,0.0247531520488142,0.0406752197076002,0.934571628243585
id02132,0.405254604778675,0.218557223858523,0.376188171362803
id02133,0.154998667164285,0.441001543509758,0.403999789325957
id02134,0.0972112858237836,0.788211479469615,0.114577234706601
id02135,0.106840532701472,0.300386336330058,0.59277313096847
id02136,0.474134279294974,0.321007070190045,0.204858650514981
id02137,0.115693753125706,0.427477462598601,0.456828784275692
id02139,0.237371794935191,0.162092216956711,0.600535988108098
id02157,0.526859019701436,0.261879147736813,0.211261832561751
id02158,0.290808534083213,0.323328128698967,0.38586333721782
id02161,0.0704328316809848,0.573057022292474,0.356510146026541
id02162,0.398978894064434,0.204776433788653,0.396244672146913
id02166,0.28110131645705,0.306372501014658,0.412526182528292
